##################################################################
### Terrain Categories
###
### Terrain types: plains, mountains, hills, desert, artic, forest, jungle, marsh, pti
### Types are used by the game to apply certain bonuses/maluses on movement/combat etc.
###
### Sound types: plains, forest, desert, sea, jungle, mountains

categories =  {
	pti = {
		type = pti
	}

	ocean = {
		color = { 255 255 255 }

		sound_type = sea
		is_water = yes

		movement_cost = 1.0
	}

	inland_ocean = {
		color = { 0 0 200 }

		sound_type = sea
		is_water = yes
		inland_sea = yes

		movement_cost = 1.0
		
		terrain_override = {
			3086 3087 3089 3091 3092 3134 3141 3148 3153 3157 3158 3169 3172 3188 3201 3206 3207 3210 3218 3221 3225 3228 3245 3286 
			3288 3292 3303 3329 3332 3345 3350 3354 3381 3392 3393 3397 3403 3410 3413 3480 3499 3516 3529 3537 3588 3609 3627 3639 
			3671 3672 3680 3681 3708 3717 3741 3750 3757 3788 
		}
	}	

	glacier = {
		color = { 235 235 235 }

		sound_type = desert

		defence = 1
		movement_cost = 1.25
		supply_limit = 2		
		local_development_cost = 0.5
		nation_designer_cost_multiplier = 0.75		
		
		terrain_override = {		
			24 25 49 86 97 148 161 377 405 435 444 523 699 901 1016 3003 3021 3036 3040 
		}
	}

	farmlands = {
		color = { 179 255 64 }

		type = plains
		sound_type = plains

		movement_cost = 1.10
		local_development_cost = -0.05
		supply_limit = 10
		allowed_num_of_buildings = 1
		nation_designer_cost_multiplier = 1.05
		
		terrain_override = {
			13 36 59 71 74 77 87 88 90 101 114 116 133 135 138 147 155 166 178 179 189 199 200 204 
			205 206 208 211 221 222 228 235 242 244 246 247 251 253 256 258 259 266 271 272 274 279 284 285 
			291 295 297 298 318 322 324 330 332 335 340 342 344 345 353 357 366 370 393 396 410 432 436 450 
			471 487 500 513 530 533 536 539 548 557 561 573 576 582 583 593 607 620 622 632 634 636 649 650 
			661 667 670 686 693 701 704 708 744 791 794 795 819 830 836 841 854 858 860 863 865 873 887 893 
			917 928 941 943 950 951 957 1008 1051 1056 1064 1070 1072 1078 1079 1080 1081 1092 1120 1149 1151 1160 1199 1202 
			1243 1244 1253 1263 1266 1289 1300 1310 1315 1326 1338 1354 1361 1369 1387 1390 1429 1430 1439 1441 1442 1449 1452 1491 
			1496 1498 1501 1504 1507 1510 1511 1514 1549 1553 1558 1565 1568 1594 1600 1602 1611 1617 1623 1640 1643 1645 1651 1663 
			1671 1675 1676 1680 1691 1696 1703 1704 1707 1713 1716 1720 1726 1734 1747 1752 1755 1759 1766 1777 1779 1781 1783 1784 
			1794 1813 1814 1818 1820 1821 1823 1825 1828 1843 1846 1849 1850 1851 1852 1855 1856 1859 1874 1879 1881 1882 1884 1888 
			1896 1900 1905 1908 1912 1915 1921 1934 1939 1946 1952 1961 1965 1975 1977 1979 2000 2002 2003 2016 2021 2033 2036 2040 
			2050 2062 2073 2084 2088 2092 2095 2096 2099 2105 2109 2117 2120 2122 2235 2249 2259 2260 2281 2282 2283 2289 2290 2304 
			2307 2316 2317 2323 2324 2325 2348 2355 2357 2371 2372 2373 2385 2388 2391 2396 2413 2428 2434 2443 2444 2448 2451 2456 
			2462 2463 2464 2467 2470 2471 2473 2477 2478 2485 2486 2491 2492 2498 2499 2591 2592 2593 2599 2603 2609 2613 2629 2649 
			2656 2658 2659 2660 2662 2665 2669 2670 2671 2676 2680 2683 2685 2686 2692 2695 2699 2700 2701 2703 2710 2711 2713 2714 
			2715 2717 2725 2726 2728 2730 2731 2733 2736 2737 2740 2741 2751 2753 2755 2762 2765 2772 2773 2774 2775 2777 2778 2780 
			2782 2785 2786 2789 2794 2795 2796 2797 2798 2802 2803 2805 2808 2813 2814 2815 2816 2817 2818 2820 2821 2823 2830 2838 
			2841 2846 2859 2867 2868 2912 2914 2916 2920 2921 2929 2938 2939 2948 2961 
		}		
	}
	
	forest = {
		color = { 18 74 9 }

		type = forest
		sound_type = forest
		
		movement_cost = 1.25
		defence = 1
		supply_limit = 4
		local_development_cost = 0.2
		nation_designer_cost_multiplier = 0.9
		
		terrain_override = { 
			12 29 58 61 100 136 175 219 223 229 249 250 252 280 281 288 317 337 341 343 358 361 376 406 
			413 439 448 452 482 486 491 506 535 541 562 565 572 588 628 654 657 676 684 724 742 778 813 814 
			818 829 833 834 874 895 938 946 956 961 967 995 1043 1061 1076 2133 2135 2136 2138 2139 2142 2143 2146 2156 
			2158 2162 2163 2164 2167 2169 2174 2177 2181 2183 2184 2185 2187 2188 2191 2192 2196 2589 
		}                                      
	}
	
	hills = {
		color = { 113 176 151 }

		type = hills
		sound_type = mountains

		movement_cost = 1.40
		defence = 1
		local_defensiveness = 0.1
		local_development_cost = 0.25
		nation_designer_cost_multiplier = 0.85
		supply_limit = 5
		
		terrain_override = {
			4 6 17 35 48 50 64 70 75 83 94 139 149 162 185 210 231 283 287 292 307 308 333 348 
			369 375 383 389 399 402 403 408 414 419 420 424 425 427 431 437 438 440 442 445 451 454 462 463 
			466 469 472 475 481 501 505 511 512 521 522 527 537 544 547 551 554 555 563 567 575 578 586 587 
			594 602 603 604 613 615 639 646 647 663 665 674 689 696 697 702 707 709 712 713 716 718 721 725 
			733 734 750 763 765 772 777 787 789 796 799 803 823 835 842 843 848 852 856 882 883 905 910 926 
			934 942 954 960 963 968 971 988 990 993 1003 1006 1026 1042 1047 1048 1054 1088 1089 1090 1135 1146 1152 1157 
			1169 1177 1197 1217 1225 1232 1259 1268 1277 1318 1350 1457 1506 1531 1542 1562 1578 1579 1586 1587 1591 1593 1596 1597 
			1604 1605 1606 1622 1627 1628 1633 1635 1637 1650 1652 1653 1655 1661 1664 1666 1669 1673 1679 1683 1688 1690 1706 1708 
			1715 1717 1721 1728 1729 1736 1739 1744 1746 1760 1762 1764 1767 1774 1775 1780 1782 1789 1793 1797 1799 1803 1804 1806 
			1808 1822 1829 1830 1832 1833 1837 1839 1840 1847 1867 1870 1871 1875 1893 1901 1906 1936 1948 1985 1986 1994 1995 1996 
			2010 2011 2019 2026 2032 2037 2043 2047 2048 2049 2057 2059 2074 2080 2085 2103 2107 2110 2114 2125 2126 2129 2131 2226 
			2241 2253 2256 2268 2269 2275 2276 2280 2288 2299 2303 2305 2309 2311 2320 2328 2332 2335 2336 2337 2342 2345 2346 2352 
			2366 2378 2379 2381 2395 2400 2519 2539 2540 2547 2567 2590 2605 2619 2630 2636 2638 2647 2650 2651 2652 2655 2661 2688 
			2694 2696 2705 2752 2760 2824 2825 2828 2829 2831 2835 2837 2840 2843 2850 2851 2853 2855 2860 2877 2880 2890 2910 2911 
			2913 2918 2919 2922 2923 2926 2930 2942 
		}
	}

	
	woods = {
		color = { 41 155 22 }

		type = forest
		sound_type = forest

		movement_cost = 1.10
		defence = 1
		local_development_cost = 0.15
		nation_designer_cost_multiplier = 0.9
		supply_limit = 6
		
		terrain_override = {
			5 8 10 11 15 18 19 20 22 23 26 27 32 33 39 41 43 51 53 54 55 56 60 62 
			66 69 93 98 108 111 112 120 124 127 128 130 134 140 141 142 150 157 170 172 181 188 191 196 
			202 215 220 232 234 237 260 278 316 327 336 347 349 350 354 359 373 374 379 381 392 395 400 401 
			412 446 453 461 468 489 493 494 495 496 504 509 517 519 525 529 531 538 542 546 550 558 569 577 
			585 590 596 597 600 601 605 606 609 610 618 624 625 626 627 630 631 633 637 640 641 642 643 645 
			653 668 671 672 681 682 683 691 694 703 706 711 714 717 730 735 737 739 740 741 746 748 749 753 
			759 760 761 766 767 770 771 776 779 804 808 812 815 816 825 826 827 839 844 845 847 853 864 868 
			876 878 881 885 888 890 897 904 906 908 911 930 931 936 945 947 949 952 953 969 970 975 976 980 
			989 992 994 1000 1012 1024 1033 1035 1038 1068 1075 1077 1094 1250 1291 1334 1342 1397 1421 1612 1662 1687 1809 1835 
			1863 1880 1914 1920 2104 2132 2137 2140 2141 2144 2145 2147 2148 2149 2150 2151 2152 2154 2155 2157 2160 2161 2165 2166 
			2171 2172 2173 2175 2176 2179 2180 2182 2190 2193 2195 2197 2199 2594 2597 2602 2604 2606 2610 2612 2617 2618 2621 2622 
			2623 2624 2627 2632 2633 2634 2639 2642 2643 2645 2657 2666 2667 2672 2691 2708 2720 2732 2744 2746 2747 2750 2757 2804 
			2842 2844 2845 2847 2848 2849 2852 2857 2861 2862 2865 2866 2870 2871 2872 2873 2878 2879 2881 2882 2885 2892 2894 2903 
			2905 
		}
	}
	
	mountain = {
		color = { 105 24 4 }

		type = mountains
		sound_type = mountains

		movement_cost = 1.5
		defence = 2
		local_defensiveness = 0.25
		local_development_cost = 0.35
		nation_designer_cost_multiplier = 0.75
		supply_limit = 4
		
		terrain_override = {
			282 426 473 502 526 592 599 623 638 655 698 720 726 727 736 751 785 792 798 846 867 870 872 877 
			884 886 914 919 933 955 959 972 987 996 1010 1013 1015 1045 1046 1055 1062 1117 1162 1179 1183 1223 1251 1256 
			1260 1286 1327 1367 1455 1560 2115 2224 2258 2284 2291 2310 2326 2339 2356 2362 2363 2374 2401 2502 2503 2504 2505 2507 
			2508 2509 2510 2511 2513 2517 2520 2522 2530 2533 2543 2544 2552 2555 2557 2574 2586 2588 2653 2716 2722 2727 2742 2758 
			2933 
		}
	}

	impassable_mountains = {
		color = { 128 128 128 }

		sound_type = desert

		movement_cost = 8.0
		defence = 6
		local_development_cost = 10		
	}

	grasslands = {
		color = { 90 235 27 }

		type = plains
		sound_type = plains

		movement_cost = 1.0
		supply_limit = 8
		allowed_num_of_buildings = 1
		nation_designer_cost_multiplier = 1
		
		terrain_override = {
			14 52 95 103 104 110 113 119 125 131 132 137 152 153 154 160 167 171 198 201 207 212 216 226 
			230 238 240 255 261 277 294 300 301 309 312 319 328 355 364 371 384 407 409 417 422 428 456 458 
			488 492 498 507 514 515 564 580 581 589 612 616 619 629 660 664 673 677 679 685 690 715 722 743 
			752 754 756 757 773 775 780 781 783 784 788 793 801 820 831 840 861 879 880 889 891 899 900 903 
			918 932 940 948 958 966 978 985 997 999 1004 1011 1039 1058 1059 1063 1065 1071 1073 1084 1111 1123 1137 1153 
			1154 1201 1205 1207 1211 1220 1224 1226 1229 1237 1248 1262 1264 1267 1271 1273 1274 1281 1282 1283 1284 1287 1295 1303 
			1306 1307 1314 1319 1324 1336 1347 1353 1355 1356 1359 1362 1364 1365 1366 1377 1380 1381 1385 1386 1388 1402 1404 1406 
			1419 1424 1425 1459 1461 1462 1464 1466 1469 1476 1483 1484 1487 1490 1494 1508 1509 1513 1522 1523 1528 1536 1537 1538 
			1548 1551 1563 1566 1570 1571 1590 1592 1603 1608 1620 1630 1639 1641 1642 1648 1658 1660 1686 1692 1694 1698 1699 1700 
			1702 1710 1711 1712 1719 1723 1727 1731 1735 1740 1749 1751 1754 1756 1757 1761 1769 1772 1785 1787 1791 1798 1807 1810 
			1815 1845 1858 1868 1869 1872 1876 1885 1886 1889 1898 1904 1909 1910 1913 1919 1925 1929 1933 1935 1940 1943 1947 1949 
			1954 1956 1958 1959 1960 1968 1981 1983 1984 1988 1998 2005 2013 2018 2025 2030 2034 2038 2041 2042 2051 2052 2055 2061 
			2066 2067 2068 2069 2070 2071 2076 2078 2081 2083 2086 2087 2089 2091 2119 2121 2130 2203 2205 2214 2219 2225 2228 2229 
			2234 2237 2247 2251 2254 2261 2262 2263 2274 2279 2286 2294 2298 2308 2313 2314 2318 2319 2321 2322 2327 2338 2341 2344 
			2349 2354 2360 2361 2365 2367 2370 2382 2386 2390 2392 2394 2399 2402 2419 2433 2436 2441 2442 2445 2447 2450 2452 2453 
			2460 2461 2468 2474 2476 2482 2484 2487 2490 2493 2495 2558 2560 2563 2566 2578 2580 2581 2583 2596 2598 2601 2607 2608 
			2614 2615 2625 2628 2635 2640 2641 2663 2673 2674 2677 2678 2687 2693 2704 2712 2718 2719 2723 2724 2735 2738 2739 2748 
			2749 2756 2759 2761 2763 2764 2768 2770 2776 2779 2783 2784 2787 2790 2791 2793 2799 2800 2806 2809 2810 2811 2812 2819 
			2822 2826 2827 2832 2833 2834 2854 2856 2863 2864 2869 2874 2876 2888 2895 2924 2934 2935 2936 2937 2941 2945 2946 2947 
			2949 2952 
		}
	}

	jungle = {
		color = { 98 163 18 }

		type = jungle
		sound_type = jungle

		movement_cost = 1.5
		defence = 1
		local_development_cost = 0.35
		nation_designer_cost_multiplier = 0.8
		supply_limit = 5
		
		terrain_override = {
			416 443 560 644 648 652 675 678 731 800 821 824 849 857 859 871 875 898 912 923 924 925 962 964 
			965 974 981 982 983 986 1009 1017 1019 1028 1030 1032 1034 1044 1067 1069 1093 1096 1097 1099 1100 1102 1103 1104 
			1106 1107 1108 1109 1110 1112 1113 1114 1115 1116 1118 1119 1121 1122 1124 1125 1126 1127 1128 1129 1130 1131 1132 1133 
			1134 1136 1138 1139 1140 1141 1142 1143 1144 1147 1148 1150 1155 1156 1159 1161 1163 1164 1165 1166 1167 1168 1170 1171 
			1172 1173 1174 1175 1176 1178 1180 1181 1182 1184 1185 1186 1187 1189 1190 1191 1192 1193 1194 1195 1196 1198 1200 1203 
			1206 1208 1209 1212 1213 1214 1215 1216 1218 1221 1227 1228 1230 1231 1233 1234 1235 1236 1238 1239 1240 1241 1242 1245 
			1246 1247 1249 1252 1254 1255 1257 1258 1261 1265 1269 1270 1272 1276 1278 1279 1280 1285 1288 1290 1292 1293 1294 1296 
			1297 1298 1299 1302 1304 1305 1308 1309 1311 1312 1313 1316 1320 1321 1322 1323 1325 1328 1329 1330 1331 1332 1333 1335 
			1337 1339 1340 1341 1343 1344 1345 1346 1348 1349 1352 1357 1358 1360 1363 1368 1370 1371 1372 1373 1374 1375 1378 1379 
			1382 1383 1384 1389 1391 1392 1393 1394 1395 1396 1398 1399 1400 1401 1403 1405 1407 1408 1409 1410 1412 1413 1414 1415 
			1416 1417 1418 1420 1422 1423 1426 1427 1428 1431 1432 1433 1434 1435 1436 1437 1438 1440 1443 1444 1445 1446 1447 1448 
			1450 1451 1453 1454 1456 1458 1460 1463 1465 1467 1468 1470 1471 1472 1473 1474 1475 1477 1478 1480 1481 1482 1485 1486 
			1489 1492 1493 1495 1497 1499 1500 1502 1503 1505 1512 1515 1516 1517 1518 1519 1520 1521 1524 1525 1526 1527 1529 1530 
			1533 1534 1535 1539 1540 1541 1544 1545 1546 1547 1550 1554 1555 1556 1557 1559 1561 1564 1567 1569 1573 1574 1575 1709 
			1724 1737 1738 1748 1758 1765 1773 1776 1788 1795 1801 1802 1805 1811 1812 1816 1817 1819 1826 1827 1831 1834 1836 1838 
			1841 1844 1853 1854 1860 1862 1864 1866 1873 1877 1878 1883 1890 1891 1892 1895 1897 1902 1903 1907 1911 1916 1917 1923 
			1924 1926 1927 1932 1938 1942 1944 1945 1950 1951 1953 1955 1957 1962 1964 1967 1969 1970 1971 1972 1973 1974 1976 1980 
			1982 1987 1989 1990 1991 1992 1993 1997 1999 2001 2004 2006 2007 2009 2012 2015 2020 2022 2023 2024 2027 2029 2031 2035 
			2039 2045 2046 2053 2054 2056 2058 2060 2063 2065 2077 2082 2093 2097 2098 2100 2101 2102 2108 2113 2123 2124 2127 2200 
			2201 2202 2204 2206 2207 2208 2209 2211 2212 2215 2216 2217 2218 2220 2221 2222 2223 2227 2230 2231 2232 2233 2236 2238 
			2239 2240 2242 2243 2244 2245 2246 2252 2255 2257 2264 2265 2266 2267 2270 2271 2272 2273 2277 2278 2285 2287 2292 2295 
			2296 2297 2300 2301 2312 2315 2329 2331 2333 2334 2340 2343 2347 2350 2351 2353 2358 2364 2368 2369 2375 2376 2380 2383 
			2384 2387 2389 2393 2397 2404 2406 2408 2409 2410 2411 2412 2414 2415 2417 2418 2420 2422 2423 2424 2425 2426 2427 2429 
			2430 2431 2432 2435 2437 2438 2439 2440 2446 2449 2454 2455 2458 2465 2475 2479 2480 2483 2488 2494 2496 2497 2500 2501 
			2506 2514 2515 2516 2518 2523 2524 2525 2527 2528 2529 2532 2535 2536 2537 2541 2542 2545 2546 2548 2549 2550 2551 2553 
			2554 2556 2559 2561 2562 2565 2568 2569 2570 2571 2572 2575 2577 2579 2582 2584 2585 2587 2611 2626 2644 2664 2681 2689 
			2697 2702 2707 2721 2729 2745 2766 2767 2769 2771 2781 2788 2792 2801 2807 2836 2839 2858 2893 2944 
		}
	}	
	
	marsh = {
		color = { 13 189 130 }

		type = marsh
		sound_type = forest

		movement_cost = 1.3
		defence = 1
		local_development_cost = 0.25
		nation_designer_cost_multiplier = 0.85
		supply_limit = 5

		terrain_override = {
			79 80 105 118 195 239 263 270 290 304 310 314 325 331 338 372 386 455 477 518 528 584 669 687 
			745 774 797 802 810 817 832 896 915 973 1007 1023 1031 1060 1098 1101 1105 1145 1376 1411 1479 1543 1576 1657 
			1665 1674 1705 1745 1922 1966 1978 2090 2153 2168 2170 2186 2210 2213 2403 2405 2407 2416 2421 2564 2600 2631 2654 2679 
			2684 2690 2706 2875 2883 2886 2887 2896 2897 2899 2901 2902 2904 2907 2909 
		}
	}
	
	desert = {
		color = { 242 242 111 }

		type = desert
		sound_type = desert

		movement_cost = 1.05
		supply_limit = 4
		local_development_cost = 0.50
		nation_designer_cost_multiplier = 0.8
		
		terrain_override = {
			476 484 984 1049 1057 
		}
	}
	
	coastal_desert = {
		color = { 255 211 110 }

		type = desert
		sound_type = desert

		movement_cost = 1.0
		local_development_cost = 0.35
		nation_designer_cost_multiplier = 0.9		
		supply_limit = 4

		terrain_override = {
			1052 
		}	
	}
	
	coastline = {
		color = { 49 175 191 }

		sound_type = sea

		movement_cost = 1.0
		local_development_cost = 0.15
		nation_designer_cost_multiplier = 0.85		
		supply_limit = 6 
		
		terrain_override = {
			579 809 851 862 944 1014 1020 1488 1532 1572 1577 1848 1931 2112 2377 2398 2489 2538 2734 2743 2754 2898 2906 2917 
			2927 2928 2931 2932 2940 2943 2950 2951 2953 2954 2955 2956 2957 2958 2959 2960 2962 2963 2964 2965 2966 2967 2968 2969 
			2970 2971 2972 2973 2974 2975 2976 2977 2978 2979 2980 2981 2982 2983 2984 2985 2986 2987 2988 2989 2990 2991 2992 2993 
			2994 2995 2996 2997 2998 2999 3000 3001 3002 3004 3005 3006 3007 3008 3009 3010 3011 3012 3013 3014 3015 3016 3017 3018 
			3019 3020 3022 3023 3024 3025 3026 3027 3028 3029 3030 3031 3032 3033 3034 3035 3037 3038 3039 3041 3042 3043 3044 3045 
			3046 3047 3048 3049 3050 3051 3052 3053 3054 
		}
	}	
	
	drylands = {
		color = { 232 172 102 }		

		type = plains
		sound_type = plains

		movement_cost = 1.00
		local_development_cost = 0.05
		nation_designer_cost_multiplier = 0.95
		supply_limit = 7
		allowed_num_of_buildings = 1

		terrain_override = {
			91 156 158 159 168 169 176 186 193 203 209 218 224 225 227 233 236 245 257 262 264 269 286 293 
			299 303 311 313 315 320 326 329 339 346 356 360 362 367 368 378 380 387 388 390 391 397 398 418 
			421 423 430 433 434 441 449 460 464 470 478 479 480 483 490 497 503 516 534 543 549 552 556 559 
			566 568 570 571 574 591 595 598 611 635 666 700 705 710 719 723 732 738 755 782 786 806 807 837 
			838 894 907 922 927 935 1001 1029 1040 1041 1053 1086 1580 1582 1583 1584 1607 1609 1615 1636 1684 1695 1768 1786 
			1792 1928 2064 2079 2094 2248 
		}
	}

	highlands = {
		color = { 176 129 21 }

		type = hills
		sound_type = mountains
		
		supply_limit = 6
		movement_cost = 1.40
		defence = 1
		local_defensiveness = 0.1
		local_development_cost = 0.2
		nation_designer_cost_multiplier = 0.9	

		terrain_override = {
			40 102 146 276 289 323 352 404 415 474 499 510 656 728 758 764 790 902 909 921 937 939 977 979 
			991 1005 1025 1037 1066 1085 1087 1158 1188 1204 1210 1219 1222 1275 1301 1317 1351 1552 1581 1595 1598 1732 1790 2106 
			2111 2118 2302 2306 2330 2359 2512 2521 2526 2531 2534 2573 2576 2668 2709 2884 2925 
		}
	}

	savannah = {
		color = { 248 199 23  }

		sound_type = plains
		type = plains

		supply_limit = 6
		movement_cost = 1.00
		local_development_cost = 0.15
		nation_designer_cost_multiplier = 0.95	
		
		terrain_override = {
			197 243 268 273 365 382 385 411 447 457 485 508 614 617 658 659 680 688 692 695 747 828 892 913 
			1027 1036 1050 1095 1613 1616 1647 1654 1670 1672 1678 1681 1682 1685 1689 1701 1714 1718 1722 1730 1733 1741 1742 1743 
			1750 1753 1763 1778 1796 1800 1824 1857 1861 1865 1887 1894 1930 1937 1941 1963 2008 2017 2028 2044 2116 2128 2250 2293 
			2457 2459 2466 2469 2472 2481 
		}		
	}
	
	steppe = {
		color = { 147 200 83  }

		type = plains
		sound_type = plains

		movement_cost = 1.00
		local_development_cost = 0.20
		nation_designer_cost_multiplier = 0.9	
		supply_limit = 6
		
		terrain_override = {
			1 2 3 9 16 21 28 30 31 34 37 38 42 44 45 46 47 57 63 65 67 68 72 73 
			76 78 81 82 84 85 89 92 96 99 106 107 109 115 117 121 122 123 126 129 143 144 145 151 
			163 164 165 173 174 177 180 182 184 187 190 192 194 213 214 217 241 248 254 265 267 275 302 305 
			306 321 334 351 363 394 429 459 465 467 520 524 532 540 545 553 608 621 651 662 729 762 768 769 
			811 850 855 869 916 920 929 998 1002 1018 1021 1022 1082 1083 1091 1585 1589 1599 1601 1610 1614 1618 1619 1621 
			1624 1625 1626 1629 1631 1632 1634 1638 1646 1649 1656 1659 1667 1668 1677 1693 1697 1725 1770 1771 1842 1918 2134 2159 
			2178 2189 2194 2198 2595 2616 2620 2637 2646 2648 2675 2682 2698 2889 2891 2900 2908 
		}	
	}	
}
	
##################################################################
### Graphical terrain
###		type	=	refers to the terrain defined above, "terrain category"'s 
### 	color 	= 	index in bitmap color table (see terrain.bmp)
###

terrain = {
	grasslands			= { type = grasslands		color = { 	0	 } }
	hills				= { type = hills			color = { 	1	 } }
	desert_mountain		= { type = mountain			color = { 	2	 } }
	desert				= { type = desert			color = { 	3	 } }

	plains				= { type = grasslands		color = { 	4	 } }
	terrain_5			= { type = grasslands		color = { 	5	 } }
	mountain			= { type = mountain			color = { 	6	 } }
	desert_mountain_low	= { type = desert			color = { 	7	 } }

	terrain_8			= { type = hills			color = { 	8	 } }
	marsh				= { type = marsh			color = { 	9	 } }
	terrain_10			= { type = farmlands		color = { 	10	 } }
	terrain_11			= { type = farmlands		color = { 	11	 } }

	forest_12			= { type = forest			color = { 	12	 } }
	forest_13			= { type = forest			color = { 	13	 } }
	forest_14			= { type = forest			color = { 	14	 } }
	ocean				= { type = ocean			color = { 	15	 } }

	snow				= { type = mountain 		color = { 	16	 } } # (SPECIAL CASE) Used to identify permanent snow
	inland_ocean_17 	= { type = inland_ocean		color = {	17	 } }

	coastal_desert_18	= { type = coastal_desert	color = { 	19	 } }
	coastline			= { type = coastline		color = { 	35	 } }
	
	savannah			= { type = savannah 		color = {	20	 } }
	drylands			= { type = drylands			color = {	22	 } }
	highlands			= { type = highlands		color = {	23	 } }
	dry_highlands		= { type = highlands		color = {	24	 } }
	
	woods				= { type = woods			color = { 	255	 } }
	jungle				= { type = jungle			color = { 	254	 } }
	
	terrain_21			= { type = farmlands		color = { 	21	 } }	
}

##################################################################
### Tree terrain
###		terrain	=	refers to the terrain tag defined above
### 	color 	= 	index in bitmap color table (see tree.bmp)
###

tree = {
	forest				= { terrain = forest 			color = { 	3 4 6 7 19 20	} }
	woods				= { terrain = woods 			color = { 	2 5 8 18	} }
	jungle				= { terrain = jungle 			color = { 	13 14 15	} }
	palms				= { terrain = desert 			color = { 	12	} }
	savana				= { terrain = grasslands 		color = { 	27 28 29 30	} }
}
