jouni_trade = {
	color = { 133 78 113 } 
	location=1198 
	outgoing={
		name="reesi_trade"
		path={1198 1185 1257 1298 1278 1332 1268 1250 1334 1506 1316}
	}
	outgoing={
		name="teelew_trade"
		path={1198 1185 1265 1244 1239 1295 1435 1321 1297 1375 1311 1341 1387 1377 1489}
	}
	outgoing={
		name="utsote_trade"
		path={1198 1181 1550 1171 1183 1204 1249 1271}
	}
	outgoing={
		name="commorotati_trade"
		path={1198 1148 1547 1141 1133}
	}
	outgoing={
		name="wsely_trade"
		path={1198 1148 1427 1132 1119 1122 1358 1116 1164 1232}
	} 
	members={
		1198 1141 1224 1207 1185 1243 1369 1285 1196 1545 1202 1201 1265 1176 1314 1186 1239 1150 1264 1189 1214 1336 1209 1140 1153 1148 1266 1226 1149 1213 1273 1229 1547 1221 1500 1155 1339 1294 1244 1218
	} 
}
teelew_trade = {
	color = { 25 8 72 } 
	location=1489 
	outgoing={
		name="atlenhauh_trade"
		path={1489 1377 1361 1359 1352 1403 1426}
	}
	outgoing={
		name="teidutg_trade"
		path={1489 1567}
	} 
	members={
		1489 1341 1363 1509 1419 1267 1375 1405 1357 1409 1311 1321 1272 1372 1310 2962 1277 1510 1344 1399 1352 1338 1387 1546 1402 1293 1253 1412 1504 1411 1283 1370 1343 1403 1449 1425 1490 1364 1417 1345 1331 1359 1225 1439 1289 1284 1511 1376 1282 2967 1415 1497 1354 1347 1555 1483 1381 1300 1297 1377 1404 1360 1430 1576 1353 1385 1442 2961 1531 1306 1435 1355 1361 1429 1295 1518 1307 1356 1340 1373 1315 1538
	} 
}
rinrop_trade = {
	color = { 49 158 136 } 
	location=2937 
	outgoing={
		name="atlenhauh_trade"
		path={2937 3740 3284 3127 1509 1443 1426}
	}
	outgoing={
		name="reesi_trade"
		path={2937 3740 3593 3613 1393 1463 1305 1316}
	}
	outgoing={
		name="teidutg_trade"
		path={2937 3740 3284 3389 1414 1389 1374 1364 1359 1361 1377 1412 1567}
	}
	outgoing={
		name="ucahacenw_trade"
		path={2937 2935 3146 3296 3517 3352 2731 2713}
	} 
	members={
		2937 3044 3052 3046 2935 2936
	} 
}
teidutg_trade = {
	color = { 164 38 153 } 
	location=1567 
	outgoing={
		name="atlenhauh_trade"
		path={1567 1412 1377 1361 1359 1352 1403 1426}
	} 
	members={
		1567 1484 1391 1441 1420 1477 1400 1433 1548 1519 1512 1458 1454 1465 1481 1557 1526 1448 1496 1487 1437 1434 1466 1476 1401 1457 1438 1451 1479 1456 1556 1452 1382 1516 1453 1388 1368 1520 1549 1565 1447 1407 1527 1461 1568 1480 1498 1507 1473 1395 1544 1469 1495 1462 1515 1491 1444 1564 1474 1380 1475 1406 1533 1464 1418
	} 
}
atlenhauh_trade = {
	color = { 229 34 192 } 
	location=1426 
	 
	members={
		1426 1432 1571 1446 1460 1563 1392 1523 1468 1459 1413 1478 1428 1502 1553 1408 1494 1389 1482 1499 1414 1396 1492 1450 1522 1443 1374 1398 1493 1521 1517 1551 1445 1524 1416 1536 3048 1513 1424 1570 1485 1503 1436 1470 1539
	} 
}
solesese_trade = {
	color = { 90 127 185 } 
	location=1672 
	outgoing={
		name="sruhkech_trade"
		path={1672 1654 1670 1803 1637 1799 1721 1661 1676}
	}
	outgoing={
		name="nhohun_trade"
		path={1672 1753 1750 1769 1961 1757 1763 1752 1794 2017 1855 1949 2078}
	}
	outgoing={
		name="enahtati_trade"
		path={1672 1749 1768 1771 1629 1715 1659 1597 1638 1614 1608 2105 1623}
	}
	outgoing={
		name="wdodyh_trade"
		path={1672 1780 1731 1717 1708 1739 1688 1702 1921 1884 1807 1819}
	} 
	members={
		1672 1743 2014 1698 1808 1648 1694 1779 1651 2066 1722 2116 2059 1696 1881 2990 1701 1785 1780 1703 1735 1749 1865 1728 1642 1746 2103 1912 1847 1681 1828 1736 2096 1829 1714 1654 1717 1679 1803 1689 1851 1784 1647 1731 1753 1643 1767 1678 1670 1762 1849 1708 1800 1796 2115 1660 1671 1639 1996 1718 1666 1620 1669
	} 
}
sdiat_trade = {
	color = { 95 197 227 } 
	location=878 
	outgoing={
		name="akont_trade"
		path={878 676 938 956 3098 3120 3105 2965}
	}
	outgoing={
		name="rototo_trade"
		path={878 676 562 535 657}
	}
	outgoing={
		name="csodk_trade"
		path={878 676 562 535 657 541 1068 630 766 3245 3764 2840 2828 2824}
	}
	outgoing={
		name="hawiewta_trade"
		path={878 676 938 1043 3655 3408 3339 2900}
	} 
	members={
		878 601 2991 947 991 1035 1094 2983 987 937 975 1021 990 911 1005 959 676 749 844 1043 3017 814 931 825 949 902 729 939 1014
	} 
}
hawiewta_trade = {
	color = { 126 249 10 } 
	location=2900 
	outgoing={
		name="akont_trade"
		path={2900 3339 3408 3105 2965}
	}
	outgoing={
		name="enahtati_trade"
		path={2900 2896 2902 2901 2904 3399 3442 3375 1691 1603 1687 1692 1623}
	} 
	members={
		2900 2896 2905 2903 2906 2902 3023 2908 2899 2907 2897 2901 2904 2909 2974 2898
	} 
}
enahtati_trade = {
	color = { 20 253 32 } 
	location=1623 
	outgoing={
		name="sruhkech_trade"
		path={1623 2105 1608 1614 1630 1617 1646 1656 1676}
	} 
	members={
		1623 1579 1759 1931 1745 1635 1578 1640 1922 1587 1663 1644 1747 1595 1687 1786 1592 1662 1697 1966 1581 3025 1856 1627 1899 1584 3013 1691 1729 2105 1612 1650 1674 1657 1615 1606 1600 1619 1888 1608 1602 1632 1665 1675 1580 1705 1626 1603 1588 1692 1589 1611 1618 1693 1582 1871 2034 1593 2104 1727
	} 
}
fdoly_trade = {
	color = { 105 227 181 } 
	location=1951 
	outgoing={
		name="swihgisg_trade"
		path={1951 2007 1907 1913 2022}
	}
	outgoing={
		name="sotpime_trade"
		path={1951 1924 1903 1942 1932 1827 1892}
	}
	outgoing={
		name="pexaol_trade"
		path={1951 2007 1907 2124 2013 1970 2049}
	} 
	members={
		1951 2018 1948 2007 1957 1924 1972 2076 1903 1901 1945 1886 1907 2025 2093 1913 1933 1955 1962 1877 1954 2058 1959 1947 2056 1965 2001 1944 2053 2124 1834 1898 1878 1927 1998 2060
	} 
}
sotpime_trade = {
	color = { 93 46 93 } 
	location=1892 
	outgoing={
		name="sruhkech_trade"
		path={1892 1827 1841 1836 1748 2119 1720 2121 1712 1695 1806 1721 1661 1676}
	}
	outgoing={
		name="swihgisg_trade"
		path={1892 1916 2070 1954 1898 1947 2022}
	}
	outgoing={
		name="pexaol_trade"
		path={1892 2076 1948 1927 1886 1913 1944 2013 1970 2049}
	} 
	members={
		1892 2109 2083 2964 1862 2004 1908 1724 1902 2119 1977 2102 1686 2121 1695 1979 2065 1738 1897 1883 2129 1932 1765 2070 1709 2123 1997 1680 1928 1909 1990 1916 1732 1860 1939 1673 1723 1792 1885 2027 1737 1815 1853 1690 2075 1836 1720 2122 2094 1942 2081 1841 1827 1795 1748 1712 1826 2029
	} 
}
sruhkech_trade = {
	color = { 105 230 215 } 
	location=1676 
	outgoing={
		name="nhohun_trade"
		path={1676 1661 1721 1664 1655 1609 1768 1749 1672 1753 1750 1769 1961 1757 1763 1752 1794 2017 1855 1949 2078}
	} 
	members={
		1676 1777 1659 1605 1637 1661 1782 1941 1842 1770 1610 1664 1837 2079 1630 1790 1700 1868 1638 1653 1629 1652 1613 1766 2117 1656 1614 1893 1607 1706 1793 1882 1751 1667 1721 2072 2095 1768 1645 1981 1725 1622 1840 1852 1598 2110 1867 1624 1975 1628 1806 2069 1621 1715 2084 1585 2062 1755 1658 1597 1596 1677 1609 1633 1586 1601 1604 1649 1634 1591 1813 1668 1583 1617 1646 1631 1764 1918 1636 1771 1655 3009 2114 2106 1599 1590 1818 1616 2126 1742 2064 1594 1905 1832 1707 1799 2074 1713 1684 1876 1625 1833 1804 1641
	} 
}
conkif_trade = {
	color = { 85 183 34 } 
	location=716 
	outgoing={
		name="lechlosegy_trade"
		path={716 712 790 638 720 604 603 391 490 1040 480 449 1057}
	}
	outgoing={
		name="cjorl_trade"
		path={716 886 655 867 736 1013}
	}
	outgoing={
		name="bosdda_trade"
		path={716 674 870 996 1045 977 971 1069 1032}
	}
	outgoing={
		name="adhenso_trade"
		path={716 795 950 616 666 1029}
	} 
	members={
		716 996 758 712 955 674 972 790 870 3033 886 3019 783 655 914 933 977 971 3016 1045 879 867 785 3012 726 871
	} 
}
adhenso_trade = {
	color = { 133 184 142 } 
	location=1029 
	outgoing={
		name="cjorl_trade"
		path={1029 710 700 787 725 720 736 1013}
	}
	outgoing={
		name="bosdda_trade"
		path={1029 710 700 856 1003 638 867 1045 977 971 1069 1032}
	} 
	members={
		1029 823 647 602 786 900 430 680 695 934 556 425 722 591 801 773 460 1065 499 594 910 842 659 679 780 828 836 286 658 891 950 564 1080 963 673 614 616 1008 1089 510 666 485 894 795 595 692 705 710
	} 
}
cjorl_trade = {
	color = { 168 184 79 } 
	location=1013 
	outgoing={
		name="lechlosegy_trade"
		path={1013 698 568 402 421 480 449 1057}
	}
	outgoing={
		name="chaare_trade"
		path={1013 603 391 390 574 516 433 398 907 322 209 262 238 179 498 152}
	} 
	members={
		1013 793 1003 755 738 307 1042 820 516 418 807 635 1086 856 390 398 245 787 441 1053 360 698 433 1055 490 339 838 483 503 835 638 1037 176 320 566 391 1047 603 665 346 224 803 725 227 168 736 574 269 571 617 570 700 720 257 470 604 434 763 264 837
	} 
}
evyrugi_trade = {
	color = { 188 131 236 } 
	location=973 
	outgoing={
		name="lechlosegy_trade"
		path={973 896 857 877 623 988 750 478 464 552 1057}
	}
	outgoing={
		name="maraceno_trade"
		path={973 3281 3269 2431 2439 2426 2451 2445 2453}
	}
	outgoing={
		name="bosdda_trade"
		path={973 912 982 918 923 962 964 965 1032}
	} 
	members={
		973 999 912 2985 849 925 1031 923 919 918 884 872 1006 1034 1030 898 857 924 896 954 982
	} 
}
lechlosegy_trade = {
	color = { 193 82 204 } 
	location=1057 
	 
	members={
		1057 497 1028 792 986 563 650 1063 656 1052 380 442 402 846 464 586 598 689 732 1074 449 713 1078 922 587 463 719 984 623 480 750 727 877 800 559 568 420 592 415 903 824 476 552 1015 1095 848 821 715 652 1046 502 734 663 397 423 478 905 1093 733 479 421 1040 709 488 707 988 544 859
	} 
}
faodd_trade = {
	color = { 146 26 14 } 
	location=915 
	outgoing={
		name="crireckog_trade"
		path={915 302 843 337 317 681 826 767 670}
	}
	outgoing={
		name="anberneh_trade"
		path={915 302 250 185 641 141 260}
	}
	outgoing={
		name="noslriryrio_trade"
		path={915 270 228 263}
	}
	outgoing={
		name="methhuri_trade"
		path={915 302 843 337 753 577 643 788 887 3172 3148 2915}
	}
	outgoing={
		name="lwdinc_trade"
		path={915 270 228 694 358 588}
	} 
	members={
		915 862 250 1038 310 525 372 461 1000 337 843 331 753 517 589 876 580 302 817 496 350 409 1073 737 314 840 270 432 325 714 379 453 618 600 740 290 386 338 631 746 509 1007 495 569 347 489 1060
	} 
}
methhuri_trade = {
	color = { 244 75 245 } 
	location=2915 
	outgoing={
		name="crireckog_trade"
		path={2915 3148 3172 887 752 670}
	}
	outgoing={
		name="luyfwaeld_trade"
		path={2915 3701 3362 3241 2342 2311 2289 2282}
	}
	outgoing={
		name="hoeshs_trade"
		path={2915 3701 3362 3240 2367 2269 2339 2306 2248 2399 2237 2240 2287}
	} 
	members={
		2915 2997 2918 2943 2938 2922 2921 2931 2979 2913 2930 2955 2929 2925 3041 2993 2941 2910 2951 2912 2953 2933 2923 2950 2971 2916 2911 2949 3029 3018 2940 2932 2939 2927 2914 2928 2952 2920 2970 2942 2926 2917 2924 2919 3005 2982
	} 
}
chaare_trade = {
	color = { 218 164 101 } 
	location=152 
	outgoing={
		name="geosm_trade"
		path={152 87 344 14 173 149 210 869 296}
	}
	outgoing={
		name="rosih_trade"
		path={152 87 111 53 54 39 192 4 98}
	} 
	members={
		152 238 651 121 173 146 272 916 197 87 42 356 243 203 158 1083 186 324 266 907 311 765 241 91 3037 159 283 500 265 498 76 179 888 204 94 344 322 128 362 279 450 533 45 144 236 209 38 262 225 199 382 65 1036 30 355 218 74 242 64 365 214 326 14 303 1092
	} 
}
rosih_trade = {
	color = { 36 36 219 } 
	location=98 
	outgoing={
		name="crireckog_trade"
		path={98 5 13 10 1012 35 162 639 791 701 757 670}
	}
	outgoing={
		name="anberneh_trade"
		path={98 23 18 34 67 140 260}
	} 
	members={
		98 172 33 192 54 134 942 3022 17 5 336 40 9 883 62 149 112 150 39 27 831 69 77 285 8 93 202 408 59 799 882 51 53 6 1082 170 4 162 71 1079 944 573 43 95 110 108 111 70 930 327 138
	} 
}
crireckog_trade = {
	color = { 171 103 21 } 
	location=670 
	 
	members={
		670 805 819 681 1070 1051 582 826 579 317 860 557 887 583 607 767 873 634 660 543 3030 3007 718 620 760 968 2978 549 667 782 422 3043 892 685 756 752 534 1033 688 593 806 788 643 447 809 457 1072 754 1039 619 701 581 340 567 576 899 957 757 527 672 436 743 791 830 1084 861 410 611 708 927 863 913 704 508 690 759 622 577 868 639 661 2981
	} 
}
hoeshs_trade = {
	color = { 153 55 7 } 
	location=2287 
	outgoing={
		name="gtint_trade"
		path={2287 2350 2229 2312 2234 2332 2226 2242 2254 2238 2266 2353}
	}
	outgoing={
		name="luyfwaeld_trade"
		path={2287 2264 2323 2309 2378 2280 2366 2282}
	} 
	members={
		2287 2365 2293 2291 2233 2223 2222 2394 2221 2339 2235 2397 2218 2243 2306 2269 2240 2350 2401 2220 2323 2399 2302 2248 2359 2249 2241 2265 2374 2284 2275 2283 2211 2258 2212 2262 2352 2250 2224 2256 2253 2326 2237 2227 2229 2208 2244 2320 2239 2219 2310 2389 2367
	} 
}
luyfwaeld_trade = {
	color = { 115 140 148 } 
	location=2282 
	outgoing={
		name="gtint_trade"
		path={2282 2366 2280 2378 2309 2323 2237 2240 2227 2211 2233 2384 2203 2226 2242 2254 2238 2266 2353}
	} 
	members={
		2282 2305 2369 2322 2348 2344 3042 2356 2260 2298 2363 2301 2395 2376 2319 2290 2396 2314 2355 2308 2385 2366 2303 2398 2349 2934 2264 2346 2329 2368 2279 2299 3050 2362 2317 2381 2364 2325 2280 2378 2337 2309 2354 2383 2386 2288 3032 2340 2318 2324 2375 2357 2370 2330 2336 2390 2338 2294 2379 2347 2380 2311 2377 2400 2373 2382 2392 2327 2341 2361 2328 2343 2289 2391 2281 2345 2304 2316 2335 2333 2351 2276 2321 2268 2342 2372 2331 2371
	} 
}
gtint_trade = {
	color = { 120 21 133 } 
	location=2353 
	 
	members={
		2353 2204 2270 2285 2205 2257 2225 2296 2245 2206 2286 2273 2300 2297 2266 2216 2393 2259 2210 2251 2232 2252 2236 2207 2201 2209 2334 2384 2261 2200 2271 2242 2226 2267 2292 2254 2315 3002 2272 2255 2234 2214 2274 2228 2387 2388 2231 3010 2203 2313 2217 2202 2213 2312 2246 2215 2263 2247 2332 2230 2277 2989 2295 2238 2360 2358 2307 2278
	} 
}
wdodyh_trade = {
	color = { 186 175 188 } 
	location=1819 
	outgoing={
		name="nhohun_trade"
		path={1819 1923 1936 1822 1773 1817 1776 1889 1872 1956 2078}
	}
	outgoing={
		name="nehrhit_trade"
		path={1819 1925 3238 3409 3474 3006}
	} 
	members={
		1819 1936 1859 1866 1682 1884 1789 1921 1869 1974 2045 2008 1925 1683 1994 1787 1870 1739 2028 2071 1926 1710 2101 1843 1830 1711 1923 2131 1854 2118 2125 1685 1797 1992 1744 1906 2080 1778 2127 1812 1760 1807 1730 1848 1839 1810 1688 1911 1702 2111
	} 
}
nhohun_trade = {
	color = { 195 206 213 } 
	location=2078 
	 
	members={
		2078 1775 1845 1825 2038 1904 1788 1857 1781 1773 1961 1864 1858 1985 1704 2077 1861 1953 1934 1964 1872 2120 1719 1889 1831 1756 2050 1863 1838 1844 1987 1956 1938 1920 2009 2002 1946 1890 1816 1726 1769 2097 1716 1873 1915 1952 1820 1855 1835 1758 1798 2030 1801 1879 2107 1900 2012 1783 1761 1809 1875 1984 1963 2044 1937 1733 1750 1776 1741 1846 1991 2021 1930 1950 2020 1824 1763 1699 1802 1874 2128 1910 1929 1969 1811 1752 1772 1822 1958 1943 2023 1814 1949 2000 1850 1880 1805 1971 1919 2017 2108 2130 1895 1823 1740 1791 1734 1817 2073 1821 1914 1757 1887 1794 1774 1894 1896 1754 1891
	} 
}
hoosifh_trade = {
	color = { 241 189 76 } 
	location=136 
	outgoing={
		name="anberneh_trade"
		path={136 229 260}
	}
	outgoing={
		name="teseteor_trade"
		path={136 223 684}
	}
	outgoing={
		name="hytetee_trade"
		path={136 129 46 28 811 1 11}
	} 
	members={
		136 376 699 58 100 161 29
	} 
}
anberneh_trade = {
	color = { 19 8 6 } 
	location=260 
	 
	members={
		260 970 237 66 18 10 140 142 1012 127 157 56 287 234 191 254 41 400 998 980 229 23 769 1023 717 195 188 35 20 46 13 28 21 596 99 129 60 67 395 32 641 120 546 34 130 181 1087 22 455 855 175 15 19 220 141 48 26 833 185
	} 
}
pehkenahl_trade = {
	color = { 59 151 28 } 
	location=2191 
	outgoing={
		name="rassery_trade"
		path={2191 2135 2136 2132 2163}
	}
	outgoing={
		name="tomewhebo_trade"
		path={2191 2158 2142 2181 2143 2185 2183 2196 2162 2174}
	} 
	members={
		2191 2187 2188 2135 2136 2184 2158 2142 2139
	} 
}
tomewhebo_trade = {
	color = { 211 128 25 } 
	location=2174 
	outgoing={
		name="rassery_trade"
		path={2174 2162 2196 2183 2185 2143 2181 2142 2133 2163}
	} 
	members={
		2174 2159 2162 2185 2180 2173 2146 2196 2192 2181 2171 2197 2167 2154 2178 2150 2149 2165 2182 2144 2189 2175 2157 2183 2177 2156 2138 2169 2143 2141 2199
	} 
}
rassery_trade = {
	color = { 50 43 247 } 
	location=2163 
	outgoing={
		name="reesi_trade"
		path={2163 2140 2134 2152 2168 2153 2190 3277 3548 3216 3209 3100 1302 1330 1316}
	} 
	members={
		2163 2134 2147 2179 2168 2145 2170 2198 2153 2164 2186 2195 2190 2166 2152 2176 2172 2140 2193 2194 2148 2137 2160 2155 2132 2161 2133 2151
	} 
}
onsrupsyan_trade = {
	color = { 211 117 107 } 
	location=2412 
	outgoing={
		name="maraceno_trade"
		path={2412 2408 2409 2432 2438 2424 2430 2426 2451 2445 2453}
	}
	outgoing={
		name="waisotd_trade"
		path={2412 2402 3219 2546 2532 2576 2533}
	} 
	members={
		2412 2405 2414 2458 2418 2409 2483 2421 2410 2408 2436 2403 2411 2413 2435 2417 2500 2407 2402 2404 2432 2406 2415 2488 2438 2416 3031 2419
	} 
}
maraceno_trade = {
	color = { 93 65 245 } 
	location=2453 
	 
	members={
		2453 2480 2437 2469 2465 2445 2441 2460 2425 2430 2473 2427 2472 2440 2470 2467 2420 2475 2433 2482 2455 2494 2499 2495 2442 2481 2492 2423 2486 2476 2429 2468 2487 2493 2424 2456 2444 2454 2988 2450 2461 2498 2422 2464 2443 3051 2463 2448 2462 2426 2471 2496 2497 2479 2434 2477 2449 2431 2466 2457 2452 2446 2439 2491 2484 2428 2489 2485 2451 2490 2478 2447 2474 2459
	} 
}
lwdinc_trade = {
	color = { 30 186 133 } 
	location=588 
	outgoing={
		name="noslriryrio_trade"
		path={588 358 694 263}
	}
	outgoing={
		name="teseteor_trade"
		path={588 361 343 219 223 684}
	} 
	members={
		588 864 778 945 691 486 961 413 874 895 361 1061 818
	} 
}
teseteor_trade = {
	color = { 8 201 219 } 
	location=684 
	outgoing={
		name="noslriryrio_trade"
		path={684 223 219 280 281 694 263}
	} 
	members={
		684 215 774 628 239 724 813 280 219 967 343 392 249 252 572 223
	} 
}
noslriryrio_trade = {
	color = { 179 29 141 } 
	location=263 
	 
	members={
		263 446 1024 815 832 761 770 841 669 771 711 637 730 694 584 854 3034 401 952 545 621 553 228 976 538 1020 880 853 281 908 653 917 467 904 741 812 816 1077 776 520 796 953 810 706 735 851 797 452 585 865 524 1002 745 847 590 358 640 359 625 683 885 671 969 363 943
	} 
}
tprewv_trade = {
	color = { 10 42 118 } 
	location=2515 
	outgoing={
		name="waisotd_trade"
		path={2515 2506 2514 2530 2533}
	} 
	members={
		2515 2580 2527 2512 2581 2558 2536 2987 2550 2503 2947 2561 2501 2577 2539 2516 2526 2948 2542 2574 2551 2511 2583 2582 2563 2569 2522 2556 2534 2578 2553 3020 2548 2521 2555 2525 2584 2544 2524 2513 2560 2554 2545 2571
	} 
}
waisotd_trade = {
	color = { 176 190 190 } 
	location=2533 
	 
	members={
		2533 2529 2507 2541 2585 3011 2564 2976 2530 2532 2509 2528 2502 2565 2575 2568 2572 2531 2562 2546 2505 2518 2576 2573 2510 2567 2557 2506 2538 2519 3035 2520 2543 2514 2535 2549 2566 2523 2508 2588 2579 2517 2559 2570 2999 2504 2587 2586 2540 2552 2537 2547
	} 
}
wsely_trade = {
	color = { 51 59 158 } 
	location=1232 
	outgoing={
		name="commorotati_trade"
		path={1232 1164 1116 1358 1122 1119 1132 1174 1133}
	}
	outgoing={
		name="vlorh_trade"
		path={1232 1164 1116 1115 1109 1108}
	} 
	members={
		1232 1138 3027 2996 1560 1164 1112 1156 1256 1488 1327 3049 1222 1552 1117 2957 1317 1276 1219 1152
	} 
}
commorotati_trade = {
	color = { 143 179 44 } 
	location=1133 
	outgoing={
		name="utsote_trade"
		path={1133 1174 1132 1178 1171 1183 1204 1249 1271}
	}
	outgoing={
		name="vlorh_trade"
		path={1133 1174 1132 1119 1122 1114 1505 1108}
	}
	outgoing={
		name="tynonh_trade"
		path={1133 1174 1200 1144 1123 1168 1126}
	} 
	members={
		1133 1258 1561 1562 1144 1188 1114 1123 1132 1505 1215 1200 1115 1349 1231 1122 1541 1143 1180 1303 1301 1163 1440 1116 1183 1165 1118 1204 1179 1174 1145 1367 1128 1142 1119 1193 1173 1184 1171 1358 1136 1543 1194 1159 1175 1178 1181 1550 1124 1427
	} 
}
utsote_trade = {
	color = { 11 64 89 } 
	location=1271 
	outgoing={
		name="reesi_trade"
		path={1271 1274 1362 1254 1247 1245 1379 1280 1330 1316}
	}
	outgoing={
		name="tynonh_trade"
		path={1271 1249 1204 1183 1171 1178 1132 1119 1144 1123 1168 1126}
	} 
	members={
		1271 1220 1236 1530 1569 1257 1254 1348 1251 1302 1211 1350 1275 1255 1248 1535 1537 1298 1312 1525 1366 1422 1286 1383 1245 1216 1397 1572 1235 1240 1274 1573 1386 1575 1379 1333 1250 1332 1566 1242 1247 1287 1292 1291 1472 1268 1228 1362 1249 1205 1330 1384 1351 1323 1279 1328 1455 1195 1309 1280 1325 1278 1299 1304 1252
	} 
}
reesi_trade = {
	color = { 0 195 123 } 
	location=1316 
	 
	members={
		1316 1334 1393 1313 1233 1342 2969 1371 1394 1365 1296 1263 1259 1322 1378 1318 1246 1261 1390 3045 1326 1262 3053 1227 1467 1241 1270 1540 1288 1463 1514 2956 1281 1335 2945 2946 1542 1337 2944 1423 1431 1269 1324 1320 1506 1329 1558 1486 1529 1421 1410 1305 1471 1290 3008 1319 1308
	} 
}
sdeli_trade = {
	color = { 113 223 60 } 
	location=1025 
	outgoing={
		name="csodk_trade"
		path={1025 526 775 384 518 624 3689 3764 2840 2828 2824}
	}
	outgoing={
		name="raiul_trade"
		path={1025 789 341 474 323}
	}
	outgoing={
		name="soslateos_trade"
		path={1025 526 775 3106 3412 3549 2823 2827 2863}
	}
	outgoing={
		name="debopdesb_trade"
		path={1025 526 406 289 995 288 465}
	} 
	members={
		1025 775 624 384 642 668 531 550 610 748 374 541 448 630 526 682 808 494 626 542 528 677 936 492 906 766 1071 779 627 686 739 992 897 518 1068
	} 
}
debopdesb_trade = {
	color = { 75 220 172 } 
	location=465 
	outgoing={
		name="rototo_trade"
		path={465 608 482 657}
	}
	outgoing={
		name="ivunung_trade"
		path={465 288 377 901 405 49}
	} 
	members={
		465 289 316 608 609 354 1076 276 995 597 377 406 321 921 554 839 288 439 501
	} 
}
rototo_trade = {
	color = { 113 163 216 } 
	location=657 
	outgoing={
		name="akont_trade"
		path={657 535 562 676 938 956 3098 3120 3105 2965}
	} 
	members={
		657 654 845 444 742 562 1091 827 850 506 703 687 1016 994 565 435 482 662 491 633 535
	} 
}
akont_trade = {
	color = { 69 252 125 } 
	location=2965 
	 
	members={
		2965 3003 3014 2966 3040 3004 2972 946 956 834 3036 3021 938 2963
	} 
}
asdoma_trade = {
	color = { 11 29 250 } 
	location=532 
	outgoing={
		name="ihusa_trade"
		path={532 72 540 31 44 73 153}
	}
	outgoing={
		name="hytetee_trade"
		path={532 25 24 194 16 2 11}
	}
	outgoing={
		name="ivunung_trade"
		path={532 47 49}
	} 
	members={
		532 523 47 72 25 768 97
	} 
}
riidehwe_trade = {
	color = { 248 37 71 } 
	location=137 
	outgoing={
		name="nrebr_trade"
		path={137 259 103 216 68}
	}
	outgoing={
		name="raiul_trade"
		path={137 147 201 295 253 312 308 966 537 323}
	}
	outgoing={
		name="geosm_trade"
		path={137 147 222 212 255 407 313 367 484 296}
	}
	outgoing={
		name="feilb_trade"
		path={137 147 230 301 487 330 352 481 599}
	} 
	members={
		137 926 335 352 271 548 702 612 273 277 268 1050 649 414 166 328 431 1090 171 212 300 211 383 330 345 487 438 291 578 207 1041 909 256 1048 147 539 369 221 301 948 247 297 693 124 353 114 309 235 389 258 794 852 208 232 259 371 284 298 295 342 781 428 466 201 332 404 230 889 206 154 222 403 304 512
	} 
}
geosm_trade = {
	color = { 199 102 22 } 
	location=296 
	outgoing={
		name="ihusa_trade"
		path={296 869 184 117 370 90 153}
	} 
	members={
		296 248 1081 385 368 205 388 255 329 156 200 293 115 459 143 1001 160 139 723 240 313 165 458 299 184 213 102 1049 367 315 210 1027 407 387 333 169 305 747 167 193 869 411 233 484 822 351 378 935
	} 
}
ivunung_trade = {
	color = { 73 211 253 } 
	location=49 
	outgoing={
		name="nrebr_trade"
		path={49 123 80 151 118 78 68}
	} 
	members={
		49 123 82 148 394 405 86 901 109
	} 
}
nrebr_trade = {
	color = { 29 72 101 } 
	location=68 
	outgoing={
		name="ihusa_trade"
		path={68 267 52 153}
	}
	outgoing={
		name="feilb_trade"
		path={68 216 103 259 137 147 230 301 487 330 352 481 599}
	} 
	members={
		68 178 312 132 78 294 164 119 180 80 349 226 52 278 177 253 929 417 890 920 196 246 282 89 113 267 101 118 31 306 784 373 198 393 275 103 84 88 216 366 319 1022 116 73 802 44 547 133 251 357 412 135 187 151 274 1088 456 105 125 190 364 231 189 519
	} 
}
ihusa_trade = {
	color = { 76 117 223 } 
	location=153 
	outgoing={
		name="hytetee_trade"
		path={153 244 37 85 174 75 7 2 11}
	} 
	members={
		153 106 104 244 57 261 183 24 36 75 370 79 893 92 145 174 85 217 90 429 63 96 131 155 1018 122 107 37 182 117 334 163 126 762 540 81
	} 
}
milource_trade = {
	color = { 202 151 118 } 
	location=2727 
	outgoing={
		name="ucahacenw_trade"
		path={2727 2653 2625 2614 2669 2680 2717 2665 2673 2719 2713}
	}
	outgoing={
		name="tenuheneoh_trade"
		path={2727 2671 2692 2615 2592 2591 2593 2590 2589 2616 2679}
	}
	outgoing={
		name="swihgisg_trade"
		path={2727 2722 3775 3379 3211 3170 1960 1940 2022}
	} 
	members={
		2727 2613 2609 2741 2760 2758 2668 2628 2656 2680 2669 2601 2683 2682 2598 2660 2710 2705 2592 2696 2610 2742 2716 2695 2738 2693 2652 2665 2647 2625 2671 2603 2704 2653 2595 2620 2687 2607 2718 2638 2605 2752 2651 2593 2615 2659 2663 2627 2591 2737 2662 2648 2641 2673 2658 2655 2717 2722 2608 2709 2692 2694 2614 2670 2753
	} 
}
tenuheneoh_trade = {
	color = { 102 239 28 } 
	location=2679 
	outgoing={
		name="ucahacenw_trade"
		path={2679 2616 2589 2610 2627 2620 2646 2648 2682 2676 2736 2713}
	} 
	members={
		2679 2654 2667 2619 2630 2590 2649 2631 2973 2690 2643 2749 2754 2599 2748 2589 2706 2750 2616 2640 2684 2732 2639 2661 2600 2632
	} 
}
ucahacenw_trade = {
	color = { 77 150 150 } 
	location=2713 
	 
	members={
		2713 2612 2701 2606 2681 2740 2633 2724 2691 2685 2686 2731 2736 2602 2622 2759 2634 2720 2597 2621 2703 2618 2751 2642 2715 2739 2698 2728 2636 2617 2995 2697 2730 2729 2674 2650 2677 2624 2734 2725 2708 2611 2635 2676 2646 2666 2700 2596 2623 2657 2699 2594 2689 2702 2712 3054 2604 2644 2757 2707 2626 2629 2723 2711 2726 2755 2744 2637 2664 2735 2678 2714 2688 2672 2745 2756 2747 2645 2721 2675 2719 2743 2733 2746
	} 
}
soslateos_trade = {
	color = { 217 248 242 } 
	location=2863 
	outgoing={
		name="csodk_trade"
		path={2863 2856 2809 2825 2824}
	} 
	members={
		2863 2823 2813 2778 2764 2783 2799 2802 2797 2768 2822 2893 2773 2807 2803 2763 2789 2794 2772 2776 2811 2838 2791 2814 2810 2856 2825 2792 2795 2787 2796 2762 2874 2809 2779 2804 2798 2767 2820 2777 2801 2832 2800 2784 2895 2806 2774 2815 2867 2769 2816 2817 2821 2771 2812 2775 2854 2790 2765 2864 2808 2834 2766 2782 2780 2781 2786 2785 2830 2827 2761 2818 2888 2819 2770 2788 2793
	} 
}
csodk_trade = {
	color = { 177 238 142 } 
	location=2824 
	 
	members={
		2824 2828 2849 2871 2868 2866 2826 2877 2861 2876 2875 2829 2865 2880 2887 2852 2839 2843 2844 2840 2848 2891 2842 2847 2841 2889 2805 2836 2869 2846 2882 2884 2851 2855 2835 2872 2984 2831 2878 2881 2873 2885 2894 2833 2857 2862 2879 2883 2858 2890 2845 2886 2892 2850 2859 2860 2837 2853 2870
	} 
}
nehrhit_trade = {
	color = { 192 90 23 } 
	location=3006 
	 
	members={
		3006 3028
	} 
}
feilb_trade = {
	color = { 159 175 89 } 
	location=599 
	outgoing={
		name="raiul_trade"
		path={599 481 462 466 744 561 777 454 323}
	} 
	members={
		599 473 481 504 1066 764 462 445 613 443 744 1062 751 646 678 731 426 1004 521 941 1056 940 1085 721 530 928 558 469 932 505 875 1075 958 697 561 951 575 696 1011 979 606 798 551 472 536 475 728 636 514 985
	} 
}
raiul_trade = {
	color = { 14 231 135 } 
	location=323 
	 
	members={
		323 537 416 427 772 308 477 522 960 348 858 493 468 507 560 645 966 629 341 515 989 529 789 513 437 381 419 375 555 881 605 454 471 424 648 396 675 292 440 451 644 1064 474 511 777 664 997 399 318 804 632 615 1067
	} 
}
hytetee_trade = {
	color = { 92 39 56 } 
	location=11 
	 
	members={
		11 1 61 811 16 12 83 829 866 3 50 194 7 2 55
	} 
}
bosdda_trade = {
	color = { 153 202 32 } 
	location=1032 
	 
	members={
		1032 3000 1026 1017 3001 2977 981 1069 964 2994 1054 965 1010 3038 993 1058 974 3039 1019 978 1044 1059 983 962 1009
	} 
}
pexaol_trade = {
	color = { 4 188 202 } 
	location=2049 
	outgoing={
		name="swihgisg_trade"
		path={2049 2015 2006 1982 2022}
	} 
	members={
		2049 1980 2051 2037 2046 1999 2003 2052 2113 2026 2112 2061 2047 2024 2010 2041 2090 2013 2019 2033 2011 1989 2055 1978 2043 2036 2067 2100 2099 2048 2035 2054 2086 2088 2031 2016 2085 2092 1995 1935 2089 2039 2006 2032 2040 1988 2042 2015 2087 1970 2057 1986 2063 2082
	} 
}
swihgisg_trade = {
	color = { 158 81 73 } 
	location=2022 
	 
	members={
		2022 1983 2068 1940 1976 2005 1993 1917 1967 1982 2091 1968 2968 1973 2958 1960 2098
	} 
}
tynonh_trade = {
	color = { 139 214 67 } 
	location=1126 
	outgoing={
		name="vlorh_trade"
		path={1126 1129 1118 1212 1108}
	} 
	members={
		1126 1120 1157 1125 1577 1147 1223 1134 1162 1106 1107 1217 1238 1203 1158 1234 1172 1554 1191 1208 1151 1237 1137 1166 1197 1127 1206 1532 1170 1199 1139 1559 1154 1160 1210 1146 3024 1167 1135 1168 2992 1129 1260 1177 1161 1169 1182
	} 
}
vlorh_trade = {
	color = { 238 250 52 } 
	location=1108 
	 
	members={
		1108 1508 1100 1187 1113 1501 1121 1104 1130 2980 1131 2959 1097 1190 2998 2954 1230 2960 1528 3015 1102 1103 1574 1192 3026 1098 2975 1105 1099 1110 1109 1096 1346 1534 1111 1101 1212 3047 2986
	} 
}

# default items
african_great_lakes = {location=3976	members={3976}}
aleppo = {location=3976	members={3976}}
alexandria = {location=3976	members={3976}}
amazonas_node = {location=3976	members={3976}}
astrakhan = {location=3976	members={3976}}
australia = {location=3976	members={3976}}
baltic_sea = {location=3976	members={3976}}
basra = {location=3976	members={3976}}
beijing = {location=3976	members={3976}}
bordeaux = {location=3976	members={3976}}
brazil = {location=3976	members={3976}}
burma = {location=3976	members={3976}}
california = {location=3976	members={3976}}
canton = {location=3976	members={3976}}
cape_of_good_hope = {location=3976	members={3976}}
carribean_trade = {location=3976	members={3976}}
champagne = {location=3976	members={3976}}
chengdu = {location=3976	members={3976}}
chesapeake_bay = {location=3976	members={3976}}
comorin_cape = {location=3976	members={3976}}
constantinople = {location=3976	members={3976}}
crimea = {location=3976	members={3976}}
cuiaba = {location=3976	members={3976}}
deccan = {location=3976	members={3976}}
doab = {location=3976	members={3976}}
english_channel = {location=3976	members={3976}}
ethiopia = {location=3976	members={3976}}
ganges_delta = {location=3976	members={3976}}
genua = {location=3976	members={3976}}
girin = {location=3976	members={3976}}
gujarat = {location=3976	members={3976}}
gulf_of_aden = {location=3976	members={3976}}
gulf_of_siam = {location=3976	members={3976}}
hangzhou = {location=3976	members={3976}}
hormuz = {location=3976	members={3976}}
ivory_coast = {location=3976	members={3976}}
james_bay = {location=3976	members={3976}}
katsina = {location=3976	members={3976}}
kazan = {location=3976	members={3976}}
kiev = {location=3976	members={3976}}
kongo = {location=3976	members={3976}}
krakow = {location=3976	members={3976}}
lahore = {location=3976	members={3976}}
laplata = {location=3976	members={3976}}
lhasa = {location=3976	members={3976}}
lima = {location=3976	members={3976}}
lubeck = {location=3976	members={3976}}
malacca = {location=3976	members={3976}}
mexico = {location=3976	members={3976}}
mississippi_river = {location=3976	members={3976}}
nippon = {location=3976	members={3976}}
north_sea = {location=3976	members={3976}}
novgorod = {location=3976	members={3976}}
ohio = {location=3976	members={3976}}
panama = {location=3976	members={3976}}
patagonia = {location=3976	members={3976}}
persia = {location=3976	members={3976}}
pest = {location=3976	members={3976}}
philippines = {location=3976	members={3976}}
polynesia_node = {location=3976	members={3976}}
ragusa = {location=3976	members={3976}}
rheinland = {location=3976	members={3976}}
rio_grande = {location=3976	members={3976}}
safi = {location=3976	members={3976}}
samarkand = {location=3976	members={3976}}
saxony = {location=3976	members={3976}}
sevilla = {location=3976	members={3976}}
siberia = {location=3976	members={3976}}
st_lawrence = {location=3976	members={3976}}
the_moluccas = {location=3976	members={3976}}
timbuktu = {location=3976	members={3976}}
tunis = {location=3976	members={3976}}
valencia = {location=3976	members={3976}}
venice = {location=3976	members={3976}}
white_sea = {location=3976	members={3976}}
wien = {location=3976	members={3976}}
xian = {location=3976	members={3976}}
yumen = {location=3976	members={3976}}
zambezi = {location=3976	members={3976}}
zanzibar = {location=3976	members={3976}}